Iteration	CPUTime	PhysTime	Travels	Value	AvValue	MinValue	MaxValue	Delta	Criteria	Progress	dGMaxMin	CriteriaType	CriteriaVarType	CriteriaPercentage
1	1	0	0.0185232252	101340.276	101340.276	101340.276	101340.276	0	0	0	15198.8	0	0	3
2	2	0	0.0370464503	101335.235	101337.756	101335.235	101340.276	2.52079064	0	0	7808.04	0	0	3
3	2	0	0.0555696755	101328.785	101334.766	101328.785	101340.276	5.51099759	0	0	5632.16	0	0	3
4	3	0	0.0740929006	101329.129	101333.356	101328.785	101340.276	6.92004753	0	0	2964.08	0	0	3
5	3	0	0.0926161258	101328.717	101332.429	101328.717	101340.276	7.84785434	0	0	2412.32	0	0	3
6	4	0	0.111139351	101328.878	101331.837	101328.717	101340.276	8.43957458	0	0	2276.74	0	0	3
7	4	0	0.129662576	101328.534	101331.365	101328.534	101340.276	8.91136186	0	0	2158.65	0	0	3
8	5	0	0.148185801	101328.534	101331.011	101328.534	101340.276	9.26526031	0	0	2041.85	0	0	3
9	6	0	0.166709026	101328.329	101330.713	101328.329	101340.276	9.56324171	0	0	1926.47	0	0	3
10	6	0	0.185232252	101328.283	101330.47	101328.283	101340.276	9.80628695	0	0	1863.28	0	0	3
11	7	0	0.203755477	101328.04	101330.249	101328.04	101340.276	10.0272034	0	0	1786.47	0	0	3
12	8	0	0.222278702	101327.961	101330.059	101327.961	101340.276	10.2178784	0	0	1718.78	0	0	3
13	8	0	0.240801927	101327.742	101329.88	101327.742	101340.276	10.3960456	0	0	1647.81	0	0	3
14	9	0	0.259325152	101327.6	101329.718	101327.6	101340.276	10.5589701	0	0	1572.57	0	0	3
15	9	0	0.277848377	101327.435	101329.565	101327.435	101340.276	10.7111282	0	0	1510.91	0	0	3
16	10	0	0.296371603	101327.344	101329.427	101327.344	101340.276	10.8499493	0	0	1468.14	0	0	3
17	11	0	0.314894828	101327.12	101329.291	101327.12	101340.276	10.9856015	0	0	1421.6	0	0	3
18	11	0	0.333418053	101326.929	101329.16	101326.929	101340.276	11.1168431	0	0	1376.46	0	0	3
19	12	0	0.351941278	101326.678	101329.029	101326.678	101340.276	11.2474304	0	0	1328.52	0	0	3
20	12	0	0.370464503	101326.46	101328.901	101326.46	101340.276	11.375882	0	0	1281.46	0	0	3
21	13	0	0.388987728	101326.213	101328.773	101326.213	101340.276	11.503846	0	0	1247.86	0	0	3
22	13	0	0.407510954	101325.897	101328.642	101325.897	101340.276	11.6345408	0	0	1210.63	0	0	3
23	14	0	0.426034179	101325.578	101328.509	101325.578	101340.276	11.7677535	0	0	1189.76	0	0	3
24	15	0	0.444557404	101325.283	101328.374	101325.283	101340.276	11.9021389	0	0	1179.57	0	0	3
25	16	0	0.463080629	101325.028	101328.241	101325.028	101340.276	12.0359795	0	0	1176.71	0	0	3
26	17	0	0.481603854	101324.921	101328.113	101324.921	101340.276	12.1636484	0	0	1170.56	0	0	3
27	17	0	0.500127079	101324.816	101327.991	101324.816	101340.276	12.2857429	0	0	1163.75	0	0	3
28	18	0	0.518650305	101324.809	101327.418	101324.809	101335.235	10.3378081	0	0	1161.63	0	0	3
29	19	0	0.53717353	101324.835	101327.033	101324.809	101329.129	4.31990874	0	0	1158.54	0	0	3
30	19	0	0.555696755	101324.925	101326.89	101324.809	101329.129	4.31990874	0	0	1155.05	0	0	3
31	20	0	0.57421998	101325.053	101326.739	101324.809	101328.878	4.0689303	0	0	1152.22	0	0	3
32	20	0	0.592743205	101325.192	101326.608	101324.809	101328.878	4.0689303	0	0	1147.85	0	0	3
33	21	0	0.61126643	101325.311	101326.476	101324.809	101328.534	3.72502051	0	0	1143.92	0	0	3
34	22	0	0.629789656	101325.398	101326.36	101324.809	101328.534	3.72455666	0	0	1140.36	0	0	3
35	22	0	0.648312881	101325.478	101326.247	101324.809	101328.329	3.5200132	0	0	1136.87	0	0	3
36	23	0	0.666836106	101325.574	101326.145	101324.809	101328.283	3.47341194	0	0	1128.89	0	0	3
37	24	0	0.685359331	101325.676	101326.048	101324.809	101328.04	3.23073801	0	0	1125.54	0	0	3
38	24	0	0.703882556	101325.789	101325.965	101324.809	101327.961	3.15180323	0	0	1120.68	0	0	3
39	25	0	0.722405781	101325.936	101325.89	101324.809	101327.742	2.93305373	0	0	1114.35	0	0	3
40	25	0	0.740929006	101326.106	101325.829	101324.809	101327.6	2.79011723	0	0	1109.78	0	0	3
41	26	0	0.759452232	101326.276	101325.78	101324.809	101327.435	2.62576446	0	0	1104.1	0	0	3
42	27	0	0.777975457	101326.456	101325.744	101324.809	101327.344	2.53484092	0	0	1099.11	0	0	3
43	27	0	0.796498682	101326.604	101325.716	101324.809	101327.12	2.31106918	0	0	1092.16	0	0	3
44	28	0	0.815021907	101326.698	101325.701	101324.809	101326.929	2.11915535	0	0	1084.15	0	0	3
45	28	0	0.833545132	101326.728	101325.693	101324.809	101326.728	1.91890187	0	0	1078.88	0	0	3
46	29	0	0.852068357	101326.714	101325.695	101324.809	101326.728	1.91890187	0	0	1077.78	0	0	3
47	29	0	0.870591583	101326.669	101325.702	101324.809	101326.728	1.91890187	0	0	1075.91	0	0	3
48	30	0	0.889114808	101326.614	101325.717	101324.809	101326.728	1.91890187	0	0	1074.4	0	0	3
49	31	0	0.907638033	101326.541	101325.741	101324.809	101326.728	1.91890187	0	0	1073.93	0	0	3
50	31	0	0.926161258	101326.463	101325.774	101324.809	101326.728	1.91890187	0	0	1072.88	0	0	3
51	32	0	0.944684483	101326.391	101325.815	101324.809	101326.728	1.91890187	0	0	1074.36	0	0	3
52	33	0	0.963207708	101326.334	101325.863	101324.809	101326.728	1.91890187	0	0	1074.56	0	0	3
53	33	0	0.981730934	101326.283	101325.914	101324.809	101326.728	1.91890187	0	0	1076.4	0	0	3
54	34	0	1.00025416	101326.224	101325.966	101324.809	101326.728	1.72448964	0.129597262	0	1077.72	0	0	3
55	34	0	1.01877738	101326.151	101326.016	101324.835	101326.728	1.33932086	0.129597262	0	1078.35	0	0	3
56	35	0	1.03730061	101326.078	101326.062	101324.925	101326.728	1.1963701	0.129597262	0	1077.69	0	0	3
57	35	0	1.05582383	101326.015	101326.102	101325.053	101326.728	1.04537996	0.129597262	0	1076.31	0	0	3
58	36	0	1.07434706	101325.975	101326.136	101325.192	101326.728	0.914800441	0.129597262	0	1076.42	0	0	3
59	37	0	1.09287028	101325.941	101326.164	101325.311	101326.728	0.782661685	0.129597262	0	1074.72	0	0	3
60	38	0	1.11139351	101325.892	101326.185	101325.398	101326.728	0.666487975	0.129597262	0	1073.38	0	0	3
61	39	0	1.12991673	101325.836	101326.202	101325.478	101326.728	0.553305863	0.129597262	0	1072.46	0	0	3
62	39	0	1.14843996	101325.793	101326.213	101325.574	101326.728	0.519865905	0.129597262	0	1073.57	0	0	3
63	40	0	1.16696319	101325.768	101326.22	101325.676	101326.728	0.52706301	0.129597262	0	1072.99	0	0	3
64	40	0	1.18548641	101325.758	101326.223	101325.758	101326.728	0.530064097	0.129597262	0	1071.66	0	0	3
65	41	0	1.20400964	101325.749	101326.222	101325.749	101326.728	0.530064097	0.129597262	0	1069.58	0	0	3
66	41	0	1.22253286	101325.723	101326.214	101325.723	101326.728	0.530064097	0.129597262	0	1069.43	0	0	3
67	42	0	1.24105609	101325.693	101326.199	101325.693	101326.728	0.530064097	0.129597262	0	1068.26	0	0	3
68	42	0	1.25957931	101325.667	101326.176	101325.667	101326.728	0.530064097	0.129597262	0	1068.26	0	0	3
69	43	0	1.27810254	101325.654	101326.147	101325.654	101326.728	0.530064097	0.129597262	0	1067.69	0	0	3
70	43	0	1.29662576	101325.654	101326.111	101325.654	101326.728	0.530064097	0.129597262	0	1068.6	0	0	3
71	44	0	1.31514899	101325.665	101326.073	101325.654	101326.728	0.530064097	0.129597262	0	1069.11	0	0	3
72	45	0	1.33367221	101325.667	101326.034	101325.654	101326.714	0.528752109	0.129597262	0	1069.58	0	0	3
73	45	0	1.35219544	101325.66	101325.995	101325.654	101326.669	0.521002354	0.129597262	0	1070.16	0	0	3
74	46	0	1.37071866	101325.651	101325.957	101325.651	101326.614	0.506181322	0.129597262	0	1070.7	0	0	3
75	46	0	1.38924189	101325.646	101325.921	101325.646	101326.541	0.48235798	0.129597262	0	1071.89	0	0	3
76	47	0	1.40776511	101325.645	101325.888	101325.645	101326.463	0.449584438	0.129597262	0	1072.24	0	0	3
77	48	0	1.42628834	101325.655	101325.858	101325.645	101326.391	0.408581874	0.129597262	0	1071.19	0	0	3
78	48	0	1.44481156	101325.669	101325.831	101325.645	101326.334	0.39210662	0.129597262	0	1069.35	0	0	3
79	49	0	1.46333479	101325.683	101325.807	101325.645	101326.283	0.416215088	0.129597262	0	1067.89	0	0	3
80	49	0	1.48185801	101325.691	101325.785	101325.645	101326.224	0.438130401	0.129597262	0	1066.7	0	0	3
81	50	0	1.50038124	101325.7	101325.766	101325.645	101326.151	0.457522392	0.129597262	0	1066.43	0	0	3
82	50	0	1.51890446	101325.711	101325.75	101325.645	101326.078	0.433054825	0.129597262	0	1065.94	0	0	3
